4,2,0//1x1/e
2,4,0//1x1/e
[-3,0,0]
-1,-1,1,0|||:cuxx42hy4eo4x
[-3,1,0]
-1,0,1,-1|||:cuxx42hy4eo4x
[-2,0,0]
1,-1,-1,0|||:cuxx42hy4eo4x
[-2,1,0]
1,0,-1,-1|||:cuxx42hy4eo4x
[-4,0,0]
1,0,0,0|||
[-1,0,0]
-1,0,1,0|||:dx26bqmfkff2q
[0,0,0]
-1,0,-1,0|||:dx26bqmfkff2q
[1,0,0]
-1,0,-1,0|||:dx26bqmfkff2q
[2,0,0]
1,0,-1,0|||:dx26bqmfkff2q
[-1,1,0]
-1,0,1,0|||:0elc60c70gx7
[0,1,0]
1,0,-1,0|||:0elc60c70gx7
[1,1,0]
-1,0,1,0|||
[2,1,0]
-1,0,-1,0|||
[3,1,0]
1,0,-1,0|||
[4,1,0]
-1,0,1,0|||
[5,1,0]
-1,0,-1,1|||
[6,1,0]
1,0,-1,0|||
[7,1,0]
-1,-1,1,0|||
[7,2,0]
-1,0,1,-1|||
[8,1,0]
0,-1,-1,0|||
[8,2,0]
1,0,-1,-1|||
[5,2,0]
-1,0,0,0|||
[6,2,0]
1,0,-1,0|||
[9,2,0]
0,0,1,0|||
[3,0,0]
0,0,1,1|||
[4,3,0]
-1,0,-1,0|||
[5,3,0]
-1,0,-1,0|||
[6,3,0]
-1,0,-1,0|||
[7,3,0]
-1,0,-1,0|||
[8,3,0]
-1,0,-1,0|||
[9,3,0]
0,0,-1,0|||
[10,2,0]
0,-1,0,0|||
[10,3,0]
0,0,0,-1|||
[5,0,0]
0,1,0,0|||
[3,3,0]
-1,0,0,0|||
[-5,1,0]
-1,-1,0,0|||
[-5,2,0]
-1,0,-1,-1|||
[-4,1,0]
1,-1,-1,0|||
[-4,2,0]
0,0,-1,-1|||
[-7,2,0]
-1,0,-1,0|||
[-6,2,0]
-1,0,-1,0|||
[-8,2,0]
-1,0,0,0|||
